<?xml version="1.0"?>
<opencv_storage>
<calibration_time>"2019年11月28日 星期四 03时31分59秒"</calibration_time>
<nr_of_frames>25</nr_of_frames>
<image_width>640</image_width>
<image_height>480</image_height>
<board_width>7</board_width>
<board_height>7</board_height>
<square_size>180.</square_size>
<fix_aspect_ratio>1.</fix_aspect_ratio>
<!-- flags: +fix_aspectRatio +fix_principal_point +zero_tangent_dist +fix_k4 +fix_k5 -->
<flags>6158</flags>
<fisheye_model>0</fisheye_model>
<camera_matrix type_id="opencv-matrix">
  <rows>3</rows>
  <cols>3</cols>
  <dt>d</dt>
  <data>
    8.0461769760540017e+02 0. 320. 0. 8.0461769760540017e+02 240. 0. 0.
    1.</data></camera_matrix>
<distortion_coefficients type_id="opencv-matrix">
  <rows>5</rows>
  <cols>1</cols>
  <dt>d</dt>
  <data>
    8.8839478719999268e-02 -1.1669477804258804e+01 0. 0.
    6.4703442021319930e+01</data></distortion_coefficients>
<avg_reprojection_error>1.0713551781538020e+00</avg_reprojection_error>
<per_view_reprojection_errors type_id="opencv-matrix">
  <rows>25</rows>
  <cols>1</cols>
  <dt>f</dt>
  <data>
    1.24436343e+00 1.26010692e+00 1.23764074e+00 1.21912205e+00
    1.22464740e+00 1.23379838e+00 1.22990441e+00 1.21483612e+00
    1.21863687e+00 1.22705758e+00 1.19933140e+00 1.22215307e+00
    1.23142707e+00 1.20878839e+00 1.24056017e+00 8.72907698e-01
    8.67251992e-01 9.07843173e-01 8.55878592e-01 7.43821561e-01
    7.30677366e-01 6.72337532e-01 6.93134964e-01 6.73947394e-01
    7.39054203e-01</data></per_view_reprojection_errors>
<!-- a set of 6-tuples (rotation vector + translation vector) for each view -->
<extrinsic_parameters type_id="opencv-matrix">
  <rows>25</rows>
  <cols>6</cols>
  <dt>d</dt>
  <data>
    -1.7171562022266124e-01 1.9865520866750691e-01
    1.4717024429535794e+00 3.8118110896170498e+02
    -6.8052245363807663e+02 3.4198981764029800e+03
    -1.6942330764482780e-01 2.0143981783172082e-01
    1.4623444412946720e+00 3.6250129073310876e+02
    -7.0289752571597876e+02 3.4341452309576321e+03
    -1.6548234585119612e-01 2.0130779480343161e-01
    1.4608263959703909e+00 3.5824951228793736e+02
    -7.0788082803415170e+02 3.4370074183179568e+03
    -1.5836376044302247e-01 2.0130918003941092e-01
    1.4609019527220473e+00 3.5731264042378831e+02
    -7.0918203359645338e+02 3.4307507555930692e+03
    -1.5607440539522943e-01 2.0437664055329011e-01
    1.4609703977176702e+00 3.5634195272317720e+02
    -7.1004211828466032e+02 3.4290055756037759e+03
    -1.5772767405676791e-01 2.0564033157215877e-01
    1.4602911650134256e+00 3.5480690125453270e+02
    -7.1112939117797634e+02 3.4302403408733517e+03
    -1.5692959752337651e-01 2.0308693293416913e-01
    1.4598056111421123e+00 3.5284301661305830e+02
    -7.1150604279713286e+02 3.4326784404958303e+03
    -1.5300784994288402e-01 2.0341957631991986e-01
    1.4599851808447559e+00 3.5196920067446132e+02
    -7.1359770299444199e+02 3.4275792164912696e+03
    -1.4843808105288570e-01 2.0408215694733606e-01
    1.4609521404233128e+00 3.5282866861762045e+02
    -7.1270745404684396e+02 3.4213949674825390e+03
    -1.4954233674566292e-01 2.0511495886427175e-01
    1.4609564379789304e+00 3.5256163575364974e+02
    -7.1167698060662497e+02 3.4220057635622588e+03
    -1.4670284397360986e-01 1.9749934130686161e-01
    1.4615537936231475e+00 3.5366290798625874e+02
    -7.0960417046694897e+02 3.4210142577816864e+03
    -1.5153573388738206e-01 2.0586531703672312e-01
    1.4633598563640502e+00 3.5416218059846756e+02
    -7.0468200254049725e+02 3.4239984727528363e+03
    -1.4662182161344642e-01 2.0170097836379627e-01
    1.4603155007786037e+00 3.4759950921286844e+02
    -7.1227404089000231e+02 3.4110900048704830e+03
    -1.3512202967818462e-01 1.9406843915892238e-01
    1.4634007157592053e+00 3.5305245357678655e+02
    -7.0779344132050096e+02 3.3801086886000498e+03
    -1.1760908521602888e-01 1.8002479692875903e-01
    1.4642226143878438e+00 3.5097148973357861e+02
    -7.1073494109024807e+02 3.3307188873673049e+03
    -4.0354059180098933e-02 5.4716729672383252e-02
    1.4695587025051409e+00 3.4738047713152594e+02
    -7.0456474255919761e+02 3.2367143937172450e+03
    5.5770958956202162e-02 -2.4399404271578436e-02
    1.4711204774675517e+00 3.5564954967120150e+02
    -6.7671987883554220e+02 3.1575665499689967e+03
    1.1320970000329383e-01 -1.0006292110346010e-01
    1.4608700276623223e+00 3.5184785079687020e+02
    -6.5200601164255545e+02 3.0965124020587464e+03
    1.1441231048301227e-01 -1.1683651961165704e-01
    1.4531477304957221e+00 3.4521893967192699e+02
    -6.4368808676039271e+02 3.1114855996486053e+03
    5.9588735165312115e-02 -6.9991384335001169e-02
    1.4562848374204225e+00 3.3697305339670010e+02
    -6.4236328979929499e+02 3.2129086243665884e+03
    3.5437581479193493e-02 -7.3652626479756792e-03
    1.4825306865602048e+00 3.4719839614284172e+02
    -6.1445124854148253e+02 3.2993179256875237e+03
    3.3757522510810149e-02 2.6440424986515221e-02 1.5092740318543294e+00
    3.8276138201215400e+02 -5.7586466685060998e+02
    3.3540511945671474e+03 2.6112206347290688e-02 5.1462837323680448e-02
    1.5271481746081723e+00 4.2486129300009463e+02
    -5.4337662377542676e+02 3.4482161703649213e+03
    1.0553187780319459e-02 7.0467803771641455e-02 1.5293785150487607e+00
    4.4966827831183548e+02 -5.3078138348357606e+02
    3.5706695703759419e+03 -7.8486507160496433e-02
    6.9751660082861988e-02 -4.1297303988342512e-02
    -6.1277843010131710e+02 -4.7668232387462842e+02
    3.8006794913550534e+03</data></extrinsic_parameters>
